

Phenylalanine
[-0.131944  0.261046  0.243856 -0.358977 -0.228484  0.064743  0.020165
 -0.172299  0.014633  0.016144  0.260465 -0.084544 -0.245611 -0.196532
  0.174975 -0.234501  0.295597 -0.089192  0.061502 -0.078663 -0.217506
 -0.07682   0.019015 -0.345946 -0.405814 -0.062525  0.183046 -0.076277
  0.238598 -0.04158   0.332199 -0.253239 -0.041896  0.142958 -0.002548
 -0.194707 -0.123756  0.097554  0.473972  0.213042  0.279826  0.136675
  0.149548  0.06389  -0.023738 -0.014339  0.049831 -0.336654  0.075769
  0.015343 -0.221141  0.053179 -0.306013 -0.139789 -0.085437  0.121886
  0.108969  0.082939 -0.241883 -0.36496   0.135315  0.065986 -0.017605
 -0.07207  -0.066346 -0.249045 -0.045368  0.103599 -0.0803    0.070578
 -0.245853 -0.53245  -0.229663 -0.346229 -0.140934 -0.012163 -0.124301
  0.090655  0.2651   -0.005924 -0.092821 -0.035969  0.080019  0.156879
  0.187965 -0.265992 -0.035767 -0.663935 -0.010567  0.370902 -0.458073
 -0.082711 -0.298081 -0.011121  0.137201  0.015044  0.119898 -0.065902
 -0.336137 -0.437025]
[ 0.004325  0.026431  0.447237 -0.06714  -0.23048   0.223405  0.19518
  0.131404  0.023666 -0.500389  0.020805 -0.113226 -0.037628  0.060479
 -0.057198 -0.154112 -0.100416 -0.097954 -0.098365 -0.17538  -0.120868
 -0.170934 -0.157825  0.408654 -0.090417 -0.018482  0.313593  0.105053
  0.11773   0.212551  0.057823 -0.424618 -0.168466  0.305633  0.071956
  0.175803 -0.146413  0.170685  0.432245 -0.286123  0.155009 -0.257268
  0.076372 -0.327156 -0.259147 -0.066707 -0.262212  0.217736  0.190694
 -0.113661  0.056377 -0.019426 -0.367175  0.021374 -0.264573 -0.028782
  0.011348 -0.430745 -0.331794 -0.179434  0.057621  0.276148  0.169546
  0.357672  0.174192 -0.079393 -0.175908  0.020506  0.036204  0.031521
  0.005872 -0.311348 -0.108145 -0.251612  0.295762  0.194766 -0.29081
  0.321735 -0.109609 -0.209422  0.164172  0.358453 -0.012622  0.183229
  0.109658 -0.464721  0.204312 -0.477185  0.028986 -0.25577  -0.385585
  0.044101 -0.064494 -0.402192  0.007404 -0.01357   0.220693 -0.13198
 -0.423748 -0.262009]


Leucine
[-0.216401 -0.086993 -0.342788 -0.182415 -0.060138 -0.174113 -0.112769
 -0.150123  0.205702 -0.252755  0.253607 -0.055398 -0.412064  0.075424
 -0.194754 -0.166036  0.002748 -0.176023  0.274571  0.072707 -0.038341
 -0.292812 -0.102545 -0.070047 -0.271398  0.081183  0.301813  0.312374
  0.168232  0.399951  0.067774 -0.215625 -0.15533   0.246602  0.468709
  0.016444 -0.228651 -0.109754  0.149041  0.601361 -0.078378 -0.077747
 -0.404215  0.195737 -0.005694 -0.511961 -0.267702 -0.34519  -0.082736
 -0.255449 -0.14966   0.127263 -0.449375  0.083619 -0.128731  0.164386
 -0.044736 -0.072291 -0.089854 -0.280075 -0.101503 -0.163456  0.02313
  0.239753 -0.12958  -0.148287  0.23206   0.083104 -0.126413 -0.266746
 -0.415851 -0.146079 -0.008267 -0.226683 -0.16119  -0.216666  0.302713
  0.245824  0.068595 -0.201274 -0.043583  0.379771 -0.356144 -0.157401
  0.393872  0.029246 -0.224373 -0.105953  0.088848 -0.177857 -0.122754
 -0.343153 -0.060154 -0.034685  0.253115 -0.186893  0.124069 -0.247298
 -0.320894 -0.027888]
[-0.063592  0.306034  0.139299 -0.477875  0.188529  0.249949 -0.23638
 -0.248515  0.000906 -0.05941  -0.380573 -0.268575 -0.46666   0.03007
  0.095607 -0.407793  0.294282 -0.159335  0.091098  0.141995  0.037658
  0.213871  0.057225 -0.13691   0.127674 -0.15231  -0.006445  0.627344
  0.007369 -0.306368 -0.035744  0.039526  0.151662 -0.128785  0.476366
 -0.247601 -0.366251 -0.014932  0.652672  0.038981  0.09809   0.277191
  0.357433 -0.194739 -0.253399 -0.023505  0.048426 -0.103289 -0.022333
 -0.140428 -0.132693 -0.04542  -0.030164 -0.040823 -0.485524 -0.008709
  0.094682 -0.160091 -0.176446 -0.05255  -0.270953 -0.140012 -0.016296
  0.376943  0.021126  0.1602   -0.180988  0.267989  0.194046  0.051876
 -0.602094 -0.354793 -0.333136 -0.294208 -0.032653 -0.26497   0.030172
  0.027473  0.024208 -0.111737  0.053377  0.294516  0.088575 -0.141722
  0.165473  0.045822  0.007737 -0.474522 -0.002587  0.032206 -0.04824
  0.027735 -0.028812  0.006098  0.247043  0.002585  0.050334 -0.232768
  0.010513 -0.336227]
[-0.009014  0.133406  0.120305 -0.525412 -0.663119  0.22857  -0.134446
  0.129333 -0.138853 -0.200888  0.269734 -0.016101 -0.052009 -0.194913
  0.08325   0.020769  0.225378  0.087962  0.355944 -0.296377  0.011306
  0.474804  0.488081 -0.143882 -0.157937 -0.180805  0.118822  0.376206
  0.437255 -0.175311  0.063593 -0.12801   0.029964  0.30497  -0.114476
 -0.05899  -0.005643 -0.269385  0.154489 -0.170767  0.497767 -0.047
  0.125855 -0.028134 -0.0739   -0.041923 -0.188266 -0.334524 -0.059167
  0.095639 -0.008525  0.013918 -0.257768  0.124142 -0.405264 -0.059801
  0.350035 -0.438834 -0.277499 -0.505795  0.277517 -0.075565 -0.15951
  0.077947 -0.078085  0.005382  0.075178  0.204403  0.202185  0.08139
  0.00415   0.024952 -0.23633  -0.641988  0.042408 -0.195646 -0.17852
  0.260635 -0.013852 -0.072252 -0.066376  0.140299 -0.175896  0.028402
 -0.003211  0.106782 -0.10216  -0.20285   0.262639 -0.022421  0.014662
  0.078888 -0.001617 -0.139473 -0.030622 -0.231024 -0.005072  0.06257
 -0.04778  -0.501835]
[-0.294824  0.24088   0.0295   -0.253484 -0.18505   0.144123  0.15853
  0.106484  0.035561 -0.516234 -0.102924 -0.129603  0.233915  0.452484
 -0.312446 -0.138291  0.291101 -0.059558 -0.380173  0.079033  0.112594
  0.2371    0.509288 -0.129751 -0.30667   0.019284 -0.19453   0.050288
  0.530431  0.003087  0.003    -0.197317  0.223032  0.184473  0.448456
  0.171234 -0.061769 -0.222156  0.06108  -0.52636   0.409566  0.05438
  0.001203 -0.347497 -0.059272  0.132644  0.018423 -0.101463 -0.012783
 -0.06412  -0.325209 -0.083876 -0.317587  0.028219  0.035169 -0.063797
  0.412702 -0.079466 -0.559878 -0.155267  0.252848 -0.011262  0.067247
  0.358966  0.149865  0.180018 -0.25353   0.217332  0.029288  0.025487
 -0.037384  0.045622 -0.047851  0.253456  0.402946 -0.060932 -0.367961
 -0.144508 -0.252765 -0.091376 -0.223982  0.242627 -0.28569   0.246293
 -0.178331 -0.064907  0.176901 -0.2508    0.428176 -0.026809 -0.150949
 -0.077232 -0.049073 -0.252357  0.456387 -0.046139  0.172709 -0.337329
 -0.281552 -0.26937 ]
[ 0.004226  0.308956 -0.007501  0.007844  0.076765  0.112119 -0.133129
 -0.005517  0.39214  -0.278463  0.096197  0.417938  0.177848 -0.286193
 -0.295916 -0.133532  0.282008 -0.379149 -0.21305  -0.12766  -0.093581
 -0.03361   0.247344 -0.255967 -0.218657  0.2964    0.074915  0.334309
  0.051773 -0.132686  0.00696  -0.051388  0.131079 -0.13109   0.118946
 -0.259886 -0.268661 -0.448984 -0.189632  0.157655  0.527659  0.036036
 -0.141902 -0.245395 -0.09381  -0.363914  0.120619  0.035328 -0.396746
 -0.20067   0.086156  0.042277 -0.185749 -0.023477 -0.048823 -0.089025
  0.001108 -0.437866 -0.388215 -0.515668  0.041772  0.099177 -0.25848
 -0.230006 -0.131556  0.1739    0.017997  0.271857  0.215082 -0.031079
 -0.069635 -0.127654  0.062858  0.054361  0.100861  0.060137 -0.144607
 -0.388728  0.111928  0.244243 -0.381055  0.222903 -0.191653  0.055632
  0.198711 -0.236622 -0.094546 -0.476995  0.356518  0.238987 -0.069184
  0.028337  0.11273  -0.095399 -0.037195 -0.124313  0.318208  0.059529
 -0.486067  0.75526 ]
[-9.40990e-02  6.29077e-01 -8.28550e-02 -1.81999e-01 -2.20757e-01
  1.46740e-02  8.57400e-03  3.22585e-01 -1.05368e-01 -2.60480e-01
 -3.02669e-01  2.10332e-01  1.08299e-01  9.39400e-02 -2.40521e-01
 -5.64170e-02 -8.11990e-02 -2.46090e-01  1.20873e-01  9.87300e-03
  9.02800e-03  7.97000e-03  3.85944e-01  3.15274e-01 -2.39547e-01
  6.39200e-03 -1.67840e-01  3.83382e-01  9.98120e-02  2.51942e-01
  9.59570e-02 -2.83571e-01 -8.69700e-02  3.95592e-01  2.49757e-01
 -4.89270e-02 -7.19800e-02  1.72580e-02  2.15389e-01 -2.42670e-02
  4.93031e-01 -2.79217e-01  2.32927e-01 -8.60860e-02 -1.36822e-01
  5.34789e-01 -2.69300e-03  6.65070e-02  2.22200e-02 -6.63940e-02
 -2.36700e-01 -1.18043e-01 -6.13200e-03 -2.06430e-01 -2.38662e-01
  3.71340e-02  1.14769e-01 -1.68855e-01 -3.80194e-01  5.79560e-02
  2.39619e-01 -3.27291e-01 -5.74940e-02 -2.25020e-02  1.53618e-01
  1.21007e-01  6.87950e-02  3.27018e-01  2.85520e-01 -4.67185e-01
 -6.39912e-01 -2.80997e-01  9.02970e-02 -5.84850e-02  1.26463e-01
 -3.29123e-01 -5.49225e-01 -2.58892e-01 -1.90322e-01  7.05690e-02
 -3.85658e-01  2.47474e-01 -5.50510e-02 -4.85008e-01 -6.52230e-02
  2.50309e-01  1.09793e-01 -3.39017e-01  1.32832e-01  1.28730e-02
  1.95984e-01 -1.00000e-04  2.99410e-02 -5.60020e-02  1.30793e-01
 -2.04027e-01  3.65589e-01  1.81668e-01 -2.90569e-01 -2.88340e-02]


Isoleucine
[-0.293142  0.042175  0.189936 -0.407153 -0.108049  0.18327  -0.145125
  0.047347  0.138047 -0.104194  0.185171  0.016451  0.186214 -0.176309
 -0.343982 -0.241587 -0.222343  0.109439 -0.275626  0.178099  0.196141
 -0.055376  0.09075  -0.436099 -0.333134 -0.304814  0.226349  0.133313
  0.139643  0.098893  0.041689 -0.208116 -0.062819 -0.084636 -0.22483
 -0.121555 -0.228944  0.228838  0.419046  0.664505  0.080894  0.00184
  0.012741 -0.264234  0.069469 -0.16973  -0.12618  -0.058361  0.147686
 -0.14053  -0.032542  0.229123 -0.470794  0.018357  0.215005  0.349023
  0.010674 -0.135691 -0.209071 -0.309166 -0.053576  0.035324  0.214443
 -0.25158   0.254704 -0.406632 -0.212047  0.18162  -0.095275  0.042343
 -0.236936 -0.312992 -0.122443 -0.394778 -0.092175 -0.191435 -0.111059
  0.085837  0.302218  0.172838 -0.163333  0.37605   0.144588 -0.534098
 -0.160009 -0.103911  0.12137  -0.315684 -0.410812 -0.081774 -0.273629
 -0.315894  0.064112  0.128925  0.134992 -0.284556 -0.002479 -0.278515
 -0.091862  0.072312]
[-0.48888   0.245644  0.365173 -0.182485 -0.024525  0.179326 -0.227382
  0.120008  0.166498 -0.284979 -0.176181 -0.475712  0.527136  0.123708
 -0.253923  0.304607 -0.268187  0.307284 -0.584853 -0.153622 -0.193559
 -0.227256 -0.009725 -0.359605 -0.264834  0.009444 -0.154151 -0.004497
  0.659297 -0.217807  0.037874 -0.178516  0.17494   0.220245  0.212382
  0.043357  0.15369   0.202079  0.192824  0.229175  0.318883 -0.193299
  0.078544  0.144506  0.260042 -0.100381 -0.470799  0.030289 -0.328385
 -0.120671 -0.389832 -0.145593 -0.501673 -0.009473 -0.297231  0.033544
 -0.061525 -0.167675 -0.273239 -0.004514 -0.151061 -0.237629 -0.201432
  0.177741 -0.172403  0.042877 -0.221436  0.226815 -0.176004  0.342443
 -0.153898  0.018563  0.068373 -0.064992  0.027507 -0.557462 -0.494684
  0.212462  0.139601 -0.117543 -0.086715  0.084993 -0.030292  0.108215
 -0.246267  0.144491 -0.037887 -0.187111 -0.008769 -0.055536  0.068995
  0.128257  0.215456 -0.180823 -0.169357  0.347864  0.220718 -0.048886
 -0.013849  0.198861]
[ 0.021154  0.118509 -0.228955 -0.130999 -0.244548  0.010777 -0.116458
 -0.226878 -0.020644 -0.294632 -0.146933  0.641195  0.203508 -0.181563
 -0.26304   0.205907 -0.009193  0.063495 -0.109173  0.263182  0.11188
 -0.289609  0.038231 -0.189453 -0.093775  0.00675  -0.099318 -0.047182
  0.284772 -0.026864  0.223453 -0.222881 -0.19618   0.013315 -0.002081
 -0.110755 -0.20041  -0.258157  0.133381  0.401469  0.063978 -0.011422
 -0.287561 -0.150053 -0.176806 -0.322356 -0.301934 -0.070461 -0.34364
 -0.499757 -0.388874  0.161448 -0.307828 -0.104349 -0.327112  0.112201
  0.336007  0.221886  0.095072 -0.279397 -0.310373  0.054299 -0.256722
 -0.013507  0.254331  0.215375 -0.242799  0.183109 -0.166994  0.260599
 -0.118319  0.043877 -0.132789  0.084718 -0.204288 -0.152399  0.113498
 -0.291057 -0.005969 -0.252198 -0.01578  -0.287839  0.017839  0.255061
  0.229484 -0.320489  0.116733 -0.026477 -0.172232 -0.047473  0.307506
 -0.110766 -0.055925 -0.211114  0.257133 -0.03298  -0.213145 -0.418287
 -0.026459  0.044653]


Methionine
[-0.012206  0.397797  0.097603 -0.058754  0.072627 -0.247025 -0.110688
  0.101675  0.101105 -0.220668 -0.127433 -0.046099 -0.313827 -0.371115
 -0.368594 -0.072688 -0.027233  0.045963 -0.093297  0.190667  0.158722
 -0.590361 -0.082308  0.056334  0.107266 -0.120519 -0.136144  0.28646
  0.277596 -0.060073  0.237917 -0.234214  0.158963  0.058911  0.024735
  0.176507  0.246501  0.462387 -0.064701  0.37303   0.303549 -0.182322
  0.210074 -0.5513    0.169237 -0.004276 -0.151614 -0.348915 -0.123048
 -0.007773 -0.334052  0.130134  0.158041 -0.037027 -0.127519 -0.039673
  0.064268 -0.021035 -0.718869 -0.200401 -0.195789 -0.179155  0.119458
  0.096051 -0.043424 -0.090991  0.149406  0.324389  0.114336 -0.082526
  0.069021 -0.046348 -0.129368  0.049491 -0.206682 -0.69628  -0.46136
  0.081114  0.167266 -0.137226 -0.132455  0.020143 -0.03033   0.262691
 -0.168746 -0.216186 -0.042045 -0.023497 -0.246775  0.100024  0.270248
  0.192024  0.359901 -0.0533    0.488676  0.147753 -0.197007  0.040765
  0.135091 -0.281058]


Valine
[ 0.192445  0.396496  0.276687 -0.246714 -0.121499  0.211472 -0.2756
 -0.25856  -0.287109  0.218206 -0.001106 -0.154579 -0.059666 -0.224477
  0.217293 -0.013638 -0.519067  0.136109  0.068239 -0.215621  0.205967
  0.045064 -0.029638  0.073044 -0.367605 -0.281473  0.084839 -0.067543
  0.089352  0.067372  0.102079  0.143904 -0.221169  0.18941   0.464345
  0.03009  -0.267704  0.278711  0.028262 -0.039743  0.078641  0.044222
  0.039901 -0.318019 -0.394436 -0.025851 -0.030165 -0.390346 -0.109485
  0.064603 -0.147138 -0.007887 -0.25075   0.027001  0.278459  0.091946
  0.043599  0.002519 -0.351284 -0.57376   0.151734 -0.270686  0.123532
  0.179492  0.081527  0.17367  -0.372403 -0.134494  0.036362 -0.376568
 -0.239277 -0.288881 -0.043979 -0.303039 -0.27905  -0.210896 -0.18598
 -0.346593 -0.02332  -0.381321 -0.126689  0.125759 -0.192742  0.077211
  0.043538 -0.412097 -0.267257 -0.608434  0.419229 -0.09274  -0.307127
  0.231381 -0.009979  0.253229  0.099215 -0.14877   0.190297 -0.215835
 -0.438913 -0.333555]
[-0.071581  0.256114 -0.129712 -0.04559   0.166413  0.581555 -0.014446
 -0.160003 -0.469745 -0.240557  0.032414 -0.061989 -0.047881 -0.097528
 -0.377515  0.038788 -0.496899 -0.062518 -0.154163  0.09109  -0.07344
  0.194637  0.16414  -0.089565 -0.087361 -0.103424  0.183621 -0.293968
  0.425793 -0.166728 -0.108072 -0.448921  0.129924 -0.037835  0.201468
 -0.062376  0.168687 -0.199743  0.222921 -0.151479  0.504239 -0.22789
  0.602662 -0.258095 -0.236355  0.08765  -0.193203  0.139122  0.097322
 -0.140132 -0.245787 -0.035996 -0.237959  0.127114  0.211564 -0.346386
  0.189187 -0.144588 -0.665619 -0.381638  0.404427 -0.191003 -0.282632
  0.340756  0.046718  0.285185  0.121733  0.005452 -0.132399  0.015432
 -0.183101  0.023897  0.242095  0.216683 -0.140221 -0.210488 -0.308265
 -0.411703 -0.339558  0.029776  0.211243  0.376753 -0.413447 -0.160664
 -0.188912 -0.144042 -0.237905 -0.368768  0.340645  0.082406 -0.027564
  0.387084 -0.163182  0.042818  0.46632  -0.046408  0.499229 -0.173839
  0.238155 -0.285142]
[ 0.080422  0.435884 -0.1565   -0.393592 -0.38787  -0.171825 -0.110536
  0.088725 -0.199104 -0.183555 -0.2648   -0.020882 -0.017725 -0.267814
  0.001702 -0.070747 -0.189984 -0.002146  0.035996  0.166262 -0.315911
 -0.211145  0.190682 -0.112212 -0.842563 -0.213668  0.435734  0.113736
  0.055634 -0.090513  0.403486 -0.65605   0.015057 -0.331691  0.530381
 -0.028499 -0.017322 -0.117943  0.228581  0.333931 -0.230494  0.397363
  0.231855 -0.172621 -0.128184 -0.127334 -0.022213  0.197487 -0.345252
 -0.126901  0.204467 -0.164949 -0.079958  0.040617  0.283649 -0.008262
  0.195405  0.02203   0.08434  -0.248768  0.088453  0.03368  -0.019913
  0.073093  0.127074 -0.140619 -0.111693  0.065331  0.172981 -0.165226
 -0.146572 -0.26767   0.086847  0.041604 -0.314048 -0.274669 -0.226257
 -0.360866  0.050844 -0.263245 -0.362578  0.09424  -0.378368  0.29236
  0.245024  0.069483 -0.613998 -0.090212  0.104641  0.125894  0.018911
  0.010106 -0.017942 -0.149421  0.163944 -0.226929  0.280781 -0.177173
  0.322572  0.323545]
[ 0.153145  0.471703 -0.236898 -0.422457 -0.062425  0.284681 -0.00416
  0.344439 -0.125057 -0.088005 -0.248082 -0.031232 -0.233283 -0.098127
 -0.061288  0.186958 -0.442986 -0.15507   0.271228  0.058371  0.103198
 -0.155444  0.026214  0.151641 -0.133449  0.187188 -0.329135  0.090709
  0.231332  0.027383 -0.179192 -0.21533   0.436115 -0.060849  0.493779
  0.375156  0.097939  0.15606   0.022962  0.218938  0.346893  0.331773
  0.41738  -0.140069 -0.497145  0.334806 -0.304225 -0.224912  0.16734
  0.00119  -0.06924  -0.230787 -0.195287 -0.272658  0.004797 -0.007913
  0.022812 -0.143328 -0.436919 -0.073642  0.205407 -0.07245  -0.209944
 -0.143482  0.212122  0.11118   0.058316  0.444525 -0.113946 -0.376211
 -0.162775 -0.132141 -0.329485 -0.119558 -0.140608 -0.655647 -0.282693
 -0.363949 -0.094657 -0.053285  0.280314  0.394284  0.113935  0.029676
 -0.114539 -0.078863 -0.207432 -0.22177   0.113103  0.132659  0.157066
  0.073457  0.047478 -0.112876  0.303435 -0.318686  0.051324 -0.1433
 -0.081201 -0.128048]


Serine
[-0.100437  0.037371 -0.003308 -0.17211   0.263888  0.213367  0.139173
 -0.228796 -0.43588  -0.152078 -0.06351   0.12935  -0.309992  0.110419
  0.15974   0.422234  0.11112  -0.152604 -0.194822 -0.08244   0.146237
  0.162316 -0.056551  0.226918 -0.566757 -0.160063 -0.476681  0.246377
  0.402231  0.49138   0.148335 -0.276922  0.306808 -0.256018 -0.023064
  0.23046  -0.370285  0.353037 -0.116914  0.465472  0.168274  0.347329
  0.321257 -0.034686  0.03985   0.123678 -0.148329 -0.216877 -0.061961
 -0.132535 -0.090232 -0.301371 -0.264962 -0.030402  0.107969 -0.09688
  0.133854 -0.43233   0.130724 -0.203363 -0.014014  0.063082  0.023929
  0.067139  0.22355   0.158326  0.10423   0.02596   0.114201 -0.139774
 -0.349662 -0.12374  -0.328185  0.079055 -0.22557  -0.106094 -0.244369
 -0.405145 -0.144079  0.052439 -0.031427  0.036935 -0.449728 -0.075704
 -0.118857 -0.296764  0.105839 -0.070384  0.128865  0.106522 -0.174091
 -0.160325 -0.242552 -0.090122  0.150408  0.142665  0.504985  0.040182
 -0.183996 -0.219605]
[ 0.399554  0.189919  0.101555 -0.069427 -0.082089  0.116426 -0.113228
 -0.226356 -0.289689 -0.386557  0.08491   0.115114  0.280064  0.451609
 -0.568747  0.067883  0.181732 -0.230408 -0.246573  0.11911   0.045872
 -0.136795  0.144233 -0.051959 -0.186978 -0.071912 -0.191874 -0.003848
  0.467041  0.258872  0.274184 -0.179864  0.380703 -0.070018 -0.049546
 -0.244023 -0.096895  0.174835 -0.07621   0.294161  0.150606  0.382111
 -0.069326 -0.195712 -0.426765  0.163078 -0.252025  0.270926 -0.255074
  0.160965 -0.357616 -0.302976  0.031461  0.066649 -0.40637   0.190078
 -0.070882 -0.091875 -0.112446 -0.072173  0.528237 -0.080503 -0.09552
  0.205162  0.097331  0.102212 -0.131448  0.193953  0.213958 -0.366591
 -0.348418  0.095758 -0.177844 -0.137962 -0.284854  0.072667 -0.451145
  0.284018 -0.061394  0.244321 -0.102167  0.191949 -0.176275 -0.079144
 -0.529411  0.074169 -0.33908  -0.221472  0.134191 -0.218622 -0.097476
 -0.041645 -0.204744 -0.385124  0.369441 -0.140247  0.336148 -0.085726
 -0.182467 -0.036709]


Proline
[ 0.047187  0.303995 -0.119013 -0.010075 -0.247677 -0.022566 -0.081688
  0.164391  0.118414 -0.338961 -0.156617  0.095313  0.178562  0.228141
 -0.118777 -0.022273 -0.114942  0.031599 -0.025136  0.054633  0.290618
  0.405669  0.060928  0.023202 -0.371256  0.13331   0.022716  0.215707
  0.402281  0.105796  0.334646 -0.351941  0.43015   0.153966  0.297471
  0.066185  0.006541 -0.185999  0.125093 -0.129519  0.701188 -0.026235
 -0.005262 -0.040153 -0.013092 -0.099473 -0.080806 -0.244156  0.076867
 -0.029844 -0.082529 -0.025804  0.201522 -0.076778 -0.176125 -0.090679
 -0.082828 -0.429157 -0.267526  0.060336  0.154863  0.064975 -0.423097
 -0.006057 -0.218972  0.103592 -0.341145 -0.119908  0.219128 -0.234342
  0.035119 -0.478491 -0.104741  0.12171   0.055551 -0.207259 -0.491264
  0.2322   -0.215226 -0.426402 -0.105279  0.567113 -0.13822   0.045853
 -0.372806  0.046398  0.055207 -0.391118  0.049601 -0.273825 -0.085809
  0.240809 -0.457438 -0.057443  0.418322 -0.044691  0.398439  0.042153
 -0.12541  -0.309699]
[-0.115446  0.079293 -0.031494 -0.363245 -0.153957  0.142391  0.21704
  0.059858 -0.367519 -0.444011 -0.162633  0.090141  0.341267  0.350458
 -0.428365  0.099359  0.234089  0.154562  0.166577 -0.149242 -0.086696
  0.107992  0.142529 -0.037528 -0.060421  0.14621  -0.100494  0.356807
  0.449774 -0.075479  0.063065 -0.346279  0.129269 -0.009036  0.271055
  0.44486   0.042593 -0.316139 -0.045526 -0.01645   0.430406 -0.027156
  0.392952 -0.217835 -0.392255 -0.168729 -0.414484 -0.018719 -0.210708
  0.306416  0.026905 -0.114263  0.003885  0.061495 -0.012351  0.128342
  0.013317 -0.312903 -0.443208  0.010844  0.107401 -0.040861 -0.191545
  0.30436   0.21088   0.33132  -0.046218 -0.101617  0.075142 -0.124241
 -0.212399 -0.1855    0.012923 -0.044947 -0.133637 -0.207173 -0.58418
  0.165143 -0.08648   0.079739 -0.210015  0.148918 -0.107199  0.03925
 -0.320531 -0.213285 -0.129439 -0.755785  0.06074  -0.005925  0.08686
  0.085337 -0.163423 -0.153216  0.503764 -0.185602  0.298876 -0.099295
 -0.352161  0.055274]
[-0.117916  0.053142  0.01956  -0.462235 -0.078544  0.115853 -0.321305
  0.088951 -0.231086 -0.448207 -0.197682  0.173288  0.433185  0.328508
 -0.316034  0.15189   0.063352 -0.190469 -0.108561 -0.016858  0.336737
 -0.052    -0.120601 -0.15622  -0.049793  0.107791 -0.177708  0.230334
 -0.009245 -0.223652 -0.104372 -0.667363  0.147864 -0.171805  0.419888
  0.167742 -0.302299 -0.210556 -0.496061 -0.037328  0.222095 -0.258875
  0.086805  0.075325 -0.132423  0.185021 -0.181476  0.188922 -0.418292
  0.057592 -0.098672 -0.099056 -0.278628 -0.323641 -0.130318 -0.060769
  0.01653   0.156919 -0.459918 -0.061455  0.156455  0.31813   0.05849
  0.289887  0.110376 -0.092102  0.202467  0.159798  0.182655 -0.174652
 -0.166402 -0.449498  0.091714 -0.095179 -0.258234 -0.098147 -0.345847
  0.308669 -0.109202 -0.192014 -0.061078  0.033306 -0.062586  0.033062
 -0.317871  0.012555  0.163901 -0.35333  -0.021285 -0.053989 -0.329204
  0.518839 -0.074446  0.153195  0.407428 -0.050212  0.333977 -0.155901
 -0.180432 -0.145793]
[ 0.343671  0.339223  0.264317  0.182888 -0.274416  0.45705  -0.205907
  0.336169 -0.167764 -0.600757 -0.243407  0.491952  0.112975  0.276961
 -0.286892 -0.032114 -0.084268 -0.161002  0.041614  0.069277 -0.001407
  0.264163  0.143463  0.028523 -0.066323 -0.222166 -0.224265  0.309676
  0.310087 -0.285094  0.206977 -0.4497    0.239294 -0.218697  0.219747
  0.161769  0.158274  0.133796 -0.108017  0.479739  0.811467 -0.111498
  0.076469 -0.130424 -0.118279  0.157443 -0.436569 -0.241271  0.211624
  0.274336 -0.226616 -0.28095  -0.363916  0.284687 -0.166186  0.284861
  0.02427  -0.125333 -0.241958  0.16904   0.159246 -0.081122 -0.148801
  0.728134  0.244413  0.258658 -0.178867  0.38794   0.217821 -0.317508
 -0.109601 -0.164044 -0.285403 -0.221345  0.161656 -0.286437 -0.527647
 -0.087331  0.181603 -0.107825 -0.248877  0.104069  0.106008  0.068974
 -0.150322 -0.10312   0.089629 -0.489117  0.332909  0.252679 -0.349402
  0.06822   0.01795  -0.259529  0.666132  0.00885   0.583507  0.085132
 -0.296021  0.169017]


Threonine
[-0.309807  0.331513  0.187199  0.031    -0.307779  0.286036 -0.363921
  0.221289  0.06481  -0.543462  0.184352 -0.122686  0.166438 -0.12569
 -0.223466  0.079699  0.062121  0.195415  0.006304  0.099616 -0.057321
  0.014046  0.304393 -0.169082 -0.184557  0.007611 -0.027951 -0.004871
  0.018831  0.126551 -0.171445 -0.123404  0.350542 -0.048667 -0.283156
  0.358001 -0.109161  0.306526  0.267431 -0.145782  0.308392 -0.047895
  0.057786  0.062277 -0.043832 -0.225335 -0.071307 -0.195532 -0.134919
 -0.247427  0.00469   0.136369  0.362906 -0.180573 -0.133394  0.456022
  0.364556  0.137121 -0.260528  0.187275  0.185777  0.163239 -0.11592
 -0.032711 -0.177371  0.377799  0.252972 -0.092113  0.334929  0.084706
 -0.590537 -0.074925 -0.379268  0.065187 -0.140493 -0.370118  0.003546
  0.063746 -0.227297  0.097325 -0.095963  0.226793 -0.372191  0.167411
 -0.077928  0.166193  0.024497 -0.169389  0.409093  0.112267 -0.028463
  0.065387 -0.291579 -0.071304  0.371058 -0.152277  0.355114 -0.494919
 -0.322273  0.080165]
[ 1.07551e-01  3.57670e-01 -6.27750e-02 -3.66380e-02 -1.91998e-01
 -7.51680e-02  6.96560e-02  2.22440e-02 -9.65600e-02 -2.24129e-01
 -1.49723e-01 -2.71438e-01  4.03112e-01  2.66340e-01 -3.01325e-01
  1.31990e-01 -1.86533e-01  1.84120e-01  1.00701e-01  2.06826e-01
 -1.12884e-01 -1.04907e-01 -2.90672e-01 -5.46720e-02 -2.24934e-01
  1.35210e-02 -1.07257e-01  1.55551e-01  2.24994e-01 -9.67300e-03
 -1.85727e-01 -2.32919e-01  2.81907e-01 -2.11622e-01  1.30181e-01
  3.32076e-01 -2.72366e-01 -1.13052e-01  1.08480e-01  2.69670e-01
  8.53434e-01  5.12030e-02  2.73945e-01  3.13311e-01 -2.08556e-01
 -4.58070e-02 -4.20225e-01 -2.63667e-01 -2.83100e-03  7.34480e-02
 -8.85420e-02  5.32530e-02  2.17518e-01  1.92497e-01 -2.77671e-01
  1.22192e-01  8.40480e-02 -6.20050e-02 -2.48022e-01 -4.59940e-02
 -7.26640e-02  7.18200e-03 -2.21750e-01  2.09669e-01  3.49214e-01
  2.71620e-01  4.21520e-02  1.37339e-01  3.47103e-01  1.74114e-01
 -4.34760e-02 -2.57465e-01  1.41596e-01  1.16831e-01 -1.06562e-01
 -2.90921e-01 -4.38500e-01  3.85014e-01 -4.81139e-01  2.97770e-02
 -2.54904e-01 -9.14100e-03 -5.52137e-01  1.34344e-01 -3.72483e-01
  1.02680e-02  3.66780e-01 -5.38616e-01  6.89250e-02 -1.07230e-02
 -2.43245e-01  1.02704e-01 -1.20350e-02 -6.26000e-04  5.17699e-01
 -3.55370e-01 -3.65170e-02 -2.33463e-01 -2.99921e-01  2.02258e-01]
[-8.70830e-02  4.81200e-03 -2.71676e-01 -2.56372e-01 -2.83672e-01
 -1.02580e-01 -1.19117e-01 -3.70695e-01  7.32020e-02 -4.23495e-01
 -8.13550e-02  1.80507e-01  3.36112e-01 -4.51760e-02 -5.88450e-02
 -7.28950e-02  1.85227e-01  4.18940e-02 -2.80030e-02 -7.02500e-03
 -2.99180e-02 -6.01638e-01 -6.06170e-02 -3.87830e-01  6.40510e-02
  3.60260e-02 -1.88551e-01  3.53000e-04 -2.11086e-01  2.52097e-01
 -2.41539e-01 -1.86608e-01  8.90410e-02 -2.57960e-02  3.56261e-01
  4.04557e-01 -1.20500e-02 -2.92110e-02 -1.02398e-01  3.22460e-01
  3.15582e-01  6.83500e-03  1.62237e-01 -2.74010e-02 -8.49030e-02
  6.15540e-02 -4.08428e-01  1.29232e-01 -2.14034e-01 -2.98258e-01
  9.29540e-02 -8.09250e-02 -5.25710e-02  1.62001e-01 -2.89352e-01
  1.83967e-01  1.35746e-01 -4.54630e-02 -3.41927e-01 -1.84505e-01
  5.69722e-01  1.00507e-01 -3.11619e-01  9.94090e-02  4.22305e-01
  2.75620e-01 -1.80851e-01  5.27180e-02  3.07161e-01 -8.89320e-02
 -3.47337e-01 -3.16838e-01 -1.42442e-01  3.48855e-01 -9.21490e-02
 -3.20511e-01 -4.72330e-02  3.14674e-01 -3.77385e-01  2.14240e-02
  8.48400e-03  1.16393e-01 -1.34073e-01 -1.76830e-02 -1.03176e-01
 -2.70814e-01  3.56470e-02  1.72739e-01 -1.82107e-01  4.14990e-02
 -2.12767e-01 -1.31656e-01 -1.04908e-01  2.19608e-01  3.94058e-01
  7.98250e-02  1.40163e-01 -1.31760e-02  2.37750e-02  1.14838e-01]
[-0.067541  0.385142 -0.097372 -0.047532 -0.050641 -0.021633 -0.381894
  0.004728 -0.031833 -0.452269 -0.308245  0.164006  0.4856   -0.260048
 -0.491093  0.198896 -0.00431   0.026031 -0.149939  0.414049  0.064446
 -0.23036   0.191274  0.189935 -0.138318 -0.145478 -0.356246  0.308742
  0.391691  0.09845   0.147877 -0.324363  0.270673 -0.684158  0.571558
  0.379848  0.136787  0.514903  0.351108  0.37519   0.756445  0.012914
 -0.002835 -0.042213 -0.285048  0.192919 -0.16241  -0.044741  0.055714
 -0.168199  0.28522   0.17325  -0.177349 -0.21353  -0.153171  0.215852
  0.031743 -0.127023  0.29777   0.066813  0.446942 -0.074021 -0.120171
  0.571087  0.14233   0.332079  0.089433  0.10138   0.230514  0.02943
 -0.139664  0.247134 -0.119645 -0.026815  0.105911 -0.436969 -0.213704
  0.121548 -0.514491  0.173642 -0.29406   0.113973 -0.154553 -0.083942
  0.050656 -0.522384 -0.15832  -0.328567  0.290134  0.232614 -0.44476
  0.007396  0.112306  0.1167    0.067601 -0.018294  0.007152  0.163871
 -0.386422 -0.371282]


Alanine
[ 0.04386   0.251487  0.128975 -0.223673 -0.340718  0.086861 -0.347305
 -0.010588 -0.152917 -0.131785 -0.208358  0.169254 -0.277342  0.347367
 -0.31369  -0.033305  0.125502 -0.451864 -0.062967 -0.03267   0.161527
 -0.032692  0.369351 -0.117778 -0.380536  0.027349 -0.051081 -0.112183
  0.196413  0.147851 -0.13755  -0.230063  0.221908  0.093854  0.463641
  0.525818 -0.393856  0.409031  0.287347 -0.095218  0.661787  0.012164
  0.293733 -0.029821 -0.11867  -0.059849  0.161691  0.088461  0.238942
  0.224857 -0.20098  -0.138197 -0.024927  0.02984  -0.101607 -0.01953
  0.185031 -0.399216 -0.41549  -0.137711  0.296747  0.002627 -0.42203
  0.038739 -0.42893   0.107979  0.03031  -0.132292 -0.063116 -0.189029
 -0.36272  -0.254587  0.027322 -0.168161 -0.289315  0.007358 -0.22547
  0.030318 -0.13044  -0.282291 -0.356665  0.248508 -0.072507 -0.152144
 -0.268204 -0.153623 -0.179485 -0.275807  0.159434 -0.069071  0.080535
  0.112538  0.082197 -0.45917   0.359001 -0.187691 -0.088919 -0.193239
  0.197452  0.131616]
[-0.065108  0.116493  0.170722 -0.492491 -0.089066  0.24395  -0.09991
 -0.070353 -0.468725 -0.129437 -0.316661  0.283469  0.083256  0.238549
 -0.344749 -0.328144 -0.302197 -0.174946  0.113518  0.255893  0.208101
 -0.07869   0.129703 -0.128663  0.006858  0.172898 -0.285832 -0.022637
  0.240191  0.025779  0.07112  -0.490416  0.291013  0.157459  0.591094
  0.272523  0.174669 -0.022816  0.105357  0.011181  0.301077  0.150702
  0.169308 -0.204919 -0.43228  -0.032537 -0.241713  0.003478 -0.346504
  0.334589 -0.247721  0.09576  -0.075291  0.128367 -0.029255  0.100912
  0.394715 -0.427218 -0.411895  0.131277 -0.096451  0.124677 -0.130866
  0.140469 -0.09478   0.181712 -0.140141  0.058352 -0.009551 -0.320794
 -0.250796 -0.48821  -0.236214  0.097211 -0.12436  -0.326342 -0.523997
  0.47861  -0.113448  0.100697 -0.20914   0.340779 -0.425618 -0.076889
 -0.341207  0.024161 -0.081486 -0.383686  0.240808 -0.160779  0.089261
  0.339186 -0.078608 -0.350083  0.392474 -0.095917  0.294371  0.195507
 -0.269267  0.067069]
[-0.448073  0.374298 -0.043281 -0.188284 -0.209712  0.102633 -0.296153
  0.101088 -0.30625  -0.297012  0.230577  0.243171 -0.040693  0.515687
 -0.055765 -0.094413 -0.038109 -0.082504  0.104052  0.069275  0.35194
 -0.334853 -0.135364  0.088234 -0.084165 -0.149662 -0.076747  0.145872
 -0.10765  -0.051698 -0.212082 -0.30349  -0.014134  0.158414  0.701157
 -0.18175  -0.160192  0.336566 -0.20131   0.121898  0.293023  0.026244
  0.447399 -0.070033 -0.426605 -0.295255 -0.378004  0.09395  -0.229542
  0.012355 -0.292459 -0.096198 -0.038884  0.107818 -0.080718 -0.160749
  0.006254  0.168696 -0.197796  0.120029  0.485464  0.287409 -0.203986
  0.2383    0.36795   0.238482 -0.028614  0.285002 -0.028231 -0.022921
 -0.093098 -0.176486 -0.210881  0.330442 -0.023844 -0.42109  -0.232904
  0.177803 -0.037611 -0.03163  -0.214067  0.363627 -0.162082 -0.212337
 -0.240617 -0.051345 -0.282797 -0.131316 -0.013823  0.021701  0.143268
  0.272685 -0.07871  -0.584723  0.203627 -0.256097 -0.02926   0.170825
 -0.149652 -0.004923]
[ 2.35539e-01  1.14588e-01 -6.10000e-05 -2.55325e-01 -3.28196e-01
  1.21401e-01 -6.72571e-01  4.54249e-01 -1.99411e-01 -4.91241e-01
 -4.29711e-01  3.23554e-01  1.14757e-01  4.00660e-01 -2.22289e-01
  7.89740e-02 -2.21178e-01 -2.92795e-01  1.88987e-01  2.22609e-01
  4.86600e-03  5.87860e-02  2.26478e-01  7.93120e-02 -2.47647e-01
 -3.59957e-01 -9.59210e-02  5.39680e-02  2.60571e-01  2.84369e-01
 -1.20805e-01 -1.32196e-01  3.78275e-01  7.32570e-02  4.56504e-01
  1.25972e-01  1.27103e-01  6.55621e-01  2.99970e-02  2.51071e-01
  5.97493e-01  2.99714e-01  1.28640e-02 -3.44295e-01 -2.68431e-01
  1.60325e-01 -4.89342e-01  3.31567e-01 -2.08291e-01  4.39397e-01
 -2.16203e-01 -1.56240e-02 -1.01247e-01  9.24290e-02 -4.77330e-02
 -2.45404e-01  1.23187e-01 -4.09495e-01 -2.25460e-01 -1.37547e-01
  8.87930e-02 -3.76110e-02 -3.32896e-01  4.25837e-01  1.94972e-01
  1.28811e-01 -1.72091e-01  6.59074e-01  4.49433e-01 -9.78720e-02
 -2.98866e-01  2.78896e-01  9.80480e-02 -4.71800e-03 -1.57200e-03
 -4.49619e-01 -1.64003e-01  1.02578e-01  3.00727e-01  1.33915e-01
 -2.00761e-01  3.86879e-01 -1.56681e-01 -1.89787e-01 -1.26414e-01
 -2.72765e-01 -1.30063e-01 -3.82553e-01  1.00411e-01  8.39190e-02
  7.70830e-02  2.83220e-02  8.04950e-02 -1.38250e-01  4.07843e-01
  2.46678e-01  3.04482e-01 -6.54790e-02 -4.57905e-01 -4.44096e-01]


Tyrosine
[-0.095079 -0.228663 -0.203027  0.151139 -0.084706 -0.242914  0.157312
 -0.17752   0.286421 -0.153925 -0.152218  0.335371  0.096688  0.063477
 -0.211188  0.352638 -0.179327 -0.183474 -0.049434 -0.071367 -0.304086
 -0.168176  0.276945 -0.176281 -0.077016 -0.279295  0.316067  0.254552
  0.038124 -0.233249  0.401221 -0.022828 -0.073642 -0.251281 -0.054676
 -0.031132  0.001807  0.101088  0.17112   0.319839  0.050204  0.108303
  0.255599  0.292439 -0.146112 -0.185987  0.110551  0.067021  0.200747
  0.008255 -0.302586  0.186309 -0.043585 -0.257493  0.138884 -0.018154
  0.061776 -0.165794 -0.340376 -0.489997 -0.193062  0.23838  -0.21417
 -0.128484  0.076337 -0.018085 -0.074859  0.255828 -0.090539  0.022719
 -0.51052  -0.553364  0.002572 -0.215153 -0.049303 -0.27082  -0.150136
 -0.028286  0.317061 -0.103004  0.280218  0.162641 -0.207115  0.320272
  0.290393 -0.136069 -0.249644 -0.08167   0.157021  0.09533  -0.082896
 -0.425129 -0.256962 -0.054844  0.02043   0.054358 -0.269974 -0.010211
 -0.224511 -0.149995]
[ 0.16433  -0.052835 -0.058874 -0.699851 -0.218834 -0.137435 -0.249438
 -0.254223  0.599086 -0.532328  0.314635  0.094757 -0.004245  0.114044
 -0.098491  0.074751 -0.06535   0.007899  0.029351  0.386837 -0.05069
  0.01153   0.316587 -0.122856  0.347027 -0.286448 -0.09664  -0.065718
  0.109173  0.118044 -0.239854 -0.308315  0.239672 -0.076721 -0.011336
 -0.229254 -0.021638 -0.20744  -0.095589  0.170938  0.126435 -0.048278
 -0.00768   0.108474 -0.007122  0.206495 -0.35359  -0.011429 -0.077499
 -0.245148  0.03805   0.387165 -0.390083 -0.050384  0.068161 -0.097265
  0.199303  0.156729 -0.072075  0.085341  0.033688 -0.178816 -0.254758
 -0.045596  0.3149    0.070179  0.380099  0.001581  0.389196 -0.127279
 -0.204727 -0.481574  0.484437 -0.010744 -0.068286 -0.257841 -0.224582
  0.131691  0.043755 -0.434141 -0.095615  0.160652 -0.083486  0.151106
 -0.337836 -0.656567 -0.154402 -0.320317  0.286916  0.067962 -0.08402
 -0.460808 -0.084732 -0.402917  0.189358  0.176815  0.291622 -0.095518
 -0.161111  0.470871]


STOP
[-0.124     0.381109  0.201487 -0.243641 -0.161159 -0.352603 -0.173818
  0.058001  0.007593 -0.127057  0.215644  0.249339  0.120683  0.046026
  0.041972 -0.02378   0.173984 -0.001713 -0.194854  0.320782 -0.317687
 -0.271841  0.280744  0.18685   0.109226 -0.143668  0.188457 -0.266031
  0.158346 -0.016298  0.122285 -0.096203  0.338935 -0.209037  0.199132
 -0.05761  -0.304392 -0.256342 -0.347274  0.396201  0.210843 -0.105242
 -0.013829 -0.122852  0.310604 -0.118537 -0.306225 -0.160043 -0.27264
 -0.21742  -0.152121  0.250956 -0.550159 -0.255546 -0.125326 -0.122351
 -0.16892  -0.271246 -0.106925  0.156659 -0.019619  0.423856  0.265229
 -0.259216  0.009304 -0.020888 -0.400488  0.128473 -0.141986 -0.050389
 -0.207524 -0.452894  0.428948 -0.311018 -0.058486 -0.190686  0.051099
  0.169581 -0.343754  0.089279 -0.18389  -0.030712  0.026357  0.162487
  0.311869 -0.07082  -0.212189  0.086575  0.244597  0.296688 -0.102583
  0.051488 -0.472775 -0.095905  0.345591 -0.07962   0.106508 -0.322256
  0.149035 -0.018469]
[ 0.216603  0.093148  0.056273 -0.487251 -0.336073 -0.046365 -0.21336
  0.260004  0.030419 -0.095477 -0.240571 -0.187992 -0.014599 -0.195391
 -0.170991  0.033147  0.012665 -0.321043 -0.035129  0.173661  0.172781
 -0.090597 -0.090069 -0.175953  0.419461  0.125938  0.138172  0.23381
  0.039552  0.226432  0.449681 -0.469728  0.049454 -0.211341 -0.094315
  0.218035 -0.470017  0.026362 -0.288564  0.430908  0.117168  0.173518
 -0.138462  0.088404 -0.021087 -0.132144  0.289142 -0.176264 -0.097734
  0.182758 -0.324884  0.444161 -0.423248 -0.061452  0.156693 -0.01255
 -0.233671  0.167535  0.024035  0.031091  0.150614 -0.009587 -0.614432
  0.134631  0.283988 -0.301042 -0.291052  0.106741 -0.04428  -0.214922
 -0.44264  -0.142718  0.184281 -0.04277   0.270812 -0.04468   0.022717
 -0.166349 -0.14891   0.266798  0.061058  0.256296 -0.454245  0.209205
  0.049908 -0.118837 -0.209741 -0.241835  0.127136  0.421487  0.041172
  0.060605 -0.070454 -0.503638  0.294386  0.221278  0.451269  0.033236
  0.134784 -0.122742]
[ 0.332254 -0.092622  0.005794 -0.319902 -0.005306  0.047411  0.118249
  0.380942  0.016349 -0.025276 -0.154654  0.261953 -0.249114  0.132667
 -0.333893  0.000853 -0.026701 -0.059618 -0.094854  0.13063  -0.393989
  0.155775  0.035692  0.227814  0.025632 -0.245528 -0.021749  0.244498
 -0.135002 -0.130199  0.139899 -0.416506  0.144838 -0.093379  0.047041
  0.263017 -0.183858  0.343365  0.215444 -0.044252 -0.002385  0.033397
 -0.107017 -0.162361 -0.205976  0.035753 -0.448314 -0.374656 -0.126297
 -0.111519  0.137091  0.021294 -0.410877 -0.18988  -0.23988  -0.144229
 -0.056522 -0.113483 -0.297567 -0.214776  0.337892 -0.473079 -0.396744
  0.383906  0.027159  0.190868 -0.143057  0.403345 -0.228225 -0.100476
 -0.152284 -0.32856   0.017262  0.421449 -0.360377 -0.393007 -0.196415
  0.010529  0.025872  0.144801 -0.404174 -0.183444  0.217819 -0.111966
 -0.405427  0.052408 -0.001225  0.10668   0.118586  0.294779 -0.105366
  0.088122 -0.389478 -0.032933  0.185403  0.066041 -0.065687 -0.267229
 -0.364234 -0.137505]


Histidine
[-2.63750e-02  3.00391e-01 -8.03220e-02 -9.88700e-03 -1.44548e-01
 -1.31670e-01 -7.88160e-02 -2.50490e-02 -1.56494e-01 -1.22061e-01
  1.01402e-01  9.65000e-02  2.26172e-01 -1.11297e-01  2.46160e-02
 -2.03910e-02  1.11969e-01  1.64800e-01 -4.32610e-02 -1.97447e-01
  4.58927e-01  1.03915e-01  3.91857e-01 -2.20870e-02  1.09696e-01
 -2.93120e-02  1.56488e-01  3.51731e-01  4.28098e-01 -3.17979e-01
  8.38480e-02 -2.41203e-01  3.45000e-04  2.42375e-01  1.79600e-03
 -2.02606e-01  4.69862e-01  1.49732e-01 -1.49681e-01  2.90127e-01
  1.72818e-01 -3.64800e-03  1.16484e-01  2.41955e-01 -5.12025e-01
  7.25380e-02  5.63050e-02  2.47807e-01  3.76480e-02 -4.32140e-02
 -1.57533e-01 -4.88543e-01 -3.54452e-01 -1.21590e-01  8.56600e-03
  1.58350e-02 -6.55100e-03 -4.24240e-01 -2.58559e-01 -2.88139e-01
  2.01410e-02  2.52647e-01 -4.82105e-01  1.05767e-01 -4.46790e-02
 -1.04838e-01  8.76970e-02  1.51745e-01 -2.89290e-02 -8.14110e-02
 -3.14230e-02 -3.56628e-01  1.69988e-01  9.36630e-02  9.94980e-02
 -6.19992e-01 -3.60443e-01  7.72430e-02 -3.42856e-01  7.36180e-02
 -3.24640e-02 -7.71490e-02 -6.46520e-02  2.39730e-02  4.88410e-02
 -2.83618e-01 -6.59070e-02  1.63530e-01 -4.13616e-01 -2.46892e-01
 -3.89267e-01 -1.21330e-02  5.93870e-02 -8.44070e-02  4.88073e-01
  3.88840e-02 -1.79470e-02 -4.63526e-01 -6.09353e-01 -5.92090e-02]
[-0.065596  0.142965  0.039439  0.136665 -0.554864 -0.30367  -0.21904
 -0.158463 -0.078553 -0.118927  0.087679  0.214372  0.347985 -0.046663
 -0.335556  0.089954  0.209723  0.045311  0.028514 -0.276002 -0.094953
 -0.136531  0.126383 -0.058615  0.168653 -0.001863 -0.091225  0.298046
  0.336903 -0.214137 -0.020869 -0.297435  0.448272 -0.153271  0.485052
 -0.103158  0.016841 -0.052096 -0.055169 -0.04998   0.511997  0.013592
  0.016864 -0.068037 -0.452304  0.300485 -0.208137  0.161107 -0.164148
 -0.239112 -0.220858  0.156743 -0.581138  0.215596  0.216854  0.105402
  0.377358 -0.293085 -0.059701  0.109448  0.329772  0.068076 -0.007975
  0.162921  0.183338  0.335493  0.191673  0.179591  0.242039 -0.003971
 -0.246304 -0.031678 -0.058834  0.581276 -0.321605 -0.472419 -0.629963
  0.244992 -0.039816 -0.161226 -0.175469  0.360604 -0.052311  0.001243
 -0.285086  0.008193  0.094813 -0.440689 -0.137889  0.005211 -0.320827
  0.276239  0.121443 -0.115764  0.133398 -0.07046   0.374206 -0.180325
 -0.232448 -0.228831]


Glutamine
[ 0.122751  0.253737 -0.10659  -0.114824 -0.351877 -0.044063 -0.437157
 -0.016915 -0.161469 -0.151235 -0.06794   0.116927  0.226538  0.34514
  0.23651  -0.204006 -0.228086 -0.241637  0.015315 -0.294349 -0.095037
  0.143072 -0.091172 -0.336078 -0.446208 -0.016072 -0.530366 -0.048983
  0.138804  0.033895  0.079313 -0.316069 -0.013658 -0.16858   0.287412
 -0.050322  0.153304 -0.41608  -0.274334  0.421332 -0.053983 -0.567996
  0.036355 -0.210326  0.046333  0.252796  0.005765  0.101002 -0.070378
 -0.397294 -0.157958  0.2295   -0.11584   0.029858 -0.358136 -0.191444
  0.054107 -0.214779 -0.528142  0.138468  0.095558 -0.046516 -0.016719
  0.508182  0.108223  0.302552 -0.07168   0.074882  0.126346 -0.079501
 -0.139815  0.032527 -0.106367  0.150086 -0.163207 -0.041968 -0.225183
  0.240016 -0.043268  0.493843 -0.144634  0.234647 -0.283817  0.069439
 -0.040314 -0.182693 -0.072971  0.134066 -0.282715  0.326958 -0.007368
 -0.061632 -0.209997 -0.102302  0.221468 -0.379797 -0.111719 -0.382572
 -0.484356  0.160393]
[-0.000936  0.240374 -0.039151 -0.446359 -0.060891  0.024723 -0.251891
 -0.106527  0.078402 -0.288878 -0.37046  -0.14877   0.158119  0.127581
 -0.015459  0.153233  0.029409 -0.265159  0.599441 -0.297681  0.150172
  0.135499  0.157615  0.278207 -0.258527  0.23252  -0.161259  0.379572
  0.109337  0.029976 -0.161963 -0.370927  0.002881 -0.062785  0.317156
 -0.170499  0.349647  0.203556  0.0154    0.391372  0.520041  0.128395
 -0.193548 -0.033242 -0.182683  0.099501  0.0037   -0.031616 -0.061386
 -0.132389 -0.325492  0.006417 -0.246966  0.132977 -0.074568 -0.197478
  0.250983 -0.267511 -0.481369 -0.105775  0.569522  0.116791  0.129872
  0.505223  0.004616  0.473373 -0.195197  0.222684 -0.181752 -0.086199
 -0.325585 -0.009028  0.064839 -0.024327 -0.284036 -0.138972 -0.288934
  0.053025 -0.043057  0.40618  -0.267315  0.03717  -0.114094  0.198224
 -0.501051 -0.146163 -0.207301 -0.019836 -0.19531  -0.013444 -0.142812
  0.215517 -0.100719 -0.196922  0.276202 -0.1426    0.432693 -0.017185
  0.008354  0.157954]


Asparagine
[-0.071478  0.134554  0.393494  0.058805 -0.178822 -0.000815 -0.198287
 -0.166544  0.080769 -0.055756  0.012132  0.245721  0.206506  0.101646
  0.112068 -0.177971  0.047098  0.188303 -0.364563  0.381802 -0.137831
  0.006621 -0.326276  0.345002 -0.008536  0.198719 -0.407681 -0.008272
  0.127126 -0.1871    0.453945 -0.210264 -0.034853 -0.181954  0.045565
  0.035879  0.049935 -0.314123 -0.050204  0.575054  0.176862 -0.100015
  0.004358  0.120343  0.235919 -0.279212  0.044223  0.098922 -0.254506
 -0.253966 -0.088235 -0.295664 -0.154468 -0.497015 -0.053119 -0.175301
  0.200049 -0.165022 -0.303718 -0.522058  0.235647  0.027828  0.105405
 -0.111259 -0.084111 -0.197686  0.00205   0.129106  0.298268 -0.061598
 -0.578404 -0.089135 -0.160129 -0.037568  0.021038 -0.200503  0.001374
 -0.026689  0.101461 -0.150817 -0.395385 -0.013454 -0.191497 -0.382317
 -0.08171  -0.153673 -0.297051 -0.110073  0.012293 -0.231458  0.010639
 -0.349376 -0.322547 -0.231497  0.323402  0.116871 -0.238704 -0.408612
  0.089434 -0.157059]
[-0.043704  0.237896  0.062471 -0.155521 -0.372806  0.179552 -0.146698
  0.241296 -0.140074  0.278894 -0.095657  0.101253 -0.013898  0.327447
 -0.544286 -0.117025  0.251335  0.176297 -0.189759 -0.071838 -0.0795
 -0.387259 -0.07027  -0.215132 -0.017641 -0.01144  -0.120317 -0.059474
  0.362094 -0.028784 -0.00542  -0.114627  0.489322 -0.309441  0.126296
  0.069505  0.42957  -0.21632  -0.332147  0.249078  0.117985 -0.393327
 -0.076259 -0.116844 -0.089273  0.031011 -0.077037 -0.326292 -0.170518
 -0.657116 -0.076557 -0.190492  0.38868   0.103878 -0.081787  0.051426
  0.381498 -0.214104  0.208981 -0.320042  0.222248 -0.013739 -0.047456
  0.176472  0.284553  0.2406   -0.132266  0.351647  0.229353  0.1858
 -0.466192 -0.015167  0.56086  -0.148111 -0.102423 -0.043717 -0.129931
  0.333076 -0.172157 -0.271842 -0.095281  0.207916 -0.108048 -0.163525
 -0.232091 -0.108627  0.039752 -0.079288  0.047113  0.161698 -0.144363
 -0.257862 -0.322281 -0.009973  0.426695 -0.172647  0.124685  0.179629
 -0.333311  0.007625]


Lysine
[ 0.023137  0.156295 -0.247631 -0.334389 -0.192204  0.041053 -0.206709
 -0.058753 -0.00343  -0.371543  0.22161   0.192632  0.139376  0.227176
  0.155875  0.077491 -0.256322 -0.332782 -0.113679  0.22403  -0.044831
 -0.184227 -0.288251 -0.041761 -0.114018 -0.15135  -0.182786 -0.117931
  0.286294 -0.112629 -0.012661 -0.094454  0.103956 -0.235743 -0.266493
 -0.04168  -0.014619 -0.481348 -0.206115  0.139335  0.091203 -0.377512
 -0.078036 -0.373412 -0.132369 -0.190614 -0.308002 -0.365701 -0.327944
 -0.166004 -0.162306 -0.087187 -0.253729 -0.066742 -0.100518  0.161993
  0.153988 -0.349804 -0.30423   0.013614  0.302106  0.222722  0.064441
  0.060697  0.026015 -0.093327 -0.180128 -0.142379 -0.102415  0.12586
 -0.507178 -0.19879   0.098929  0.116615 -0.018012 -0.130283  0.016617
  0.105993 -0.345523 -0.096997 -0.208423  0.008292 -0.153671 -0.065858
  0.246309 -0.084484 -0.271855  0.07201  -0.219817  0.430064  0.011774
 -0.439599  0.132215  0.006397  0.377873 -0.246037 -0.249183 -0.186283
 -0.214482  0.115684]
[ 0.051224  0.17361  -0.114409 -0.136089 -0.066746  0.125776 -0.098922
 -0.091063 -0.349608 -0.10272   0.125451  0.006908  0.009315  0.377326
  0.226439  0.03919  -0.015996  0.020081 -0.295958  0.203614  0.216653
 -0.051812  0.223925  0.173682 -0.226577  0.083418  0.06922  -0.004947
  0.043366  0.237749 -0.264997 -0.125155  0.224818 -0.27768   0.345955
  0.163725  0.234653 -0.060603 -0.201248  0.478453  0.324111 -0.237462
 -0.337773 -0.545226 -0.081359  0.222846 -0.186913 -0.263143 -0.509074
 -0.076652 -0.024813  0.242776  0.137787 -0.017874 -0.308957 -0.422072
 -0.109144 -0.218485 -0.325253 -0.191505  0.272411  0.053777 -0.219387
  0.366363  0.062729 -0.223717 -0.282562 -0.097429 -0.095916 -0.055849
 -0.409452  0.239937 -0.22534  -0.16484  -0.258028 -0.21263  -0.503194
  0.050718  0.077385 -0.037882  0.124258 -0.106698 -0.050876  0.13216
  0.034847  0.315401  0.150646 -0.264854 -0.090377  0.409302 -0.003403
 -0.267394  0.148437 -0.27337   0.223186  0.126222  0.0518   -0.025383
  0.065366 -0.073523]


Aspartic acid
[-0.170375  0.530881 -0.120752 -0.259936  0.143072  0.208386 -0.050889
  0.074106  0.26605   0.094712  0.064791  0.349549  0.136232 -0.027234
 -0.375714 -0.021949 -0.517443 -0.30996   0.0758   -0.404099 -0.180134
 -0.142398  0.331423 -0.049347 -0.347846 -0.170167 -0.106115  0.219586
 -0.035753  0.257626  0.023756 -0.110527  0.272681 -0.189625  0.042358
  0.247699  0.08487  -0.031025  0.300296  0.533793 -0.18316   0.111704
  0.122969 -0.075616  0.143361 -0.158903  0.070997  0.064457  0.02959
  0.308931 -0.175259 -0.022992 -0.308829 -0.009573 -0.31295  -0.447087
  0.39782   0.05397  -0.355894 -0.036584  0.264848 -0.004167 -0.149508
  0.215241 -0.115876 -0.156388 -0.319519  0.114309  0.128746 -0.33489
  0.020953 -0.146163 -0.079473  0.169491 -0.044292 -0.63108   0.099164
 -0.149564 -0.123579 -0.378969 -0.024315 -0.492316 -0.263045 -0.373913
 -0.084618 -0.114336 -0.022207 -0.354258 -0.129757 -0.294743 -0.19407
  0.335824 -0.089408 -0.353126  0.460084  0.239728 -0.177907 -0.079391
 -0.282535 -0.256459]
[ 0.258363  0.253287 -0.156202 -0.249798 -0.116047  0.554351  0.245596
 -0.022141 -0.162459 -0.053915  0.172627  0.195905 -0.002347  0.30878
 -0.311327 -0.073183 -0.121549  0.205151  0.139721 -0.12071   0.039154
 -0.351916  0.069839 -0.27306  -0.508542 -0.132472 -0.179621  0.040913
 -0.126966  0.312393  0.497905 -0.131394  0.323855 -0.178033  0.359554
  0.223716 -0.111306 -0.005961 -0.000858 -0.222531  0.476303  0.346816
 -0.331565 -0.140873 -0.303875  0.194539  0.313166 -0.266498 -0.275535
 -0.007096 -0.036244 -0.019391 -0.294241  0.034281 -0.289557 -0.210045
  0.181068  0.017978 -0.300767 -0.024185  0.435375  0.002559 -0.14322
  0.388799  0.121333  0.409455  0.264296  0.156054  0.37055   0.206769
 -0.326006 -0.282761  0.350351  0.281321  0.029868 -0.799925 -0.508185
  0.429903 -0.001415  0.071978 -0.113323  0.084015 -0.166269 -0.118737
  0.005518 -0.383814  0.108944 -0.321862 -0.219611 -0.037238  0.067825
  0.426464 -0.132455 -0.025759  0.092984 -0.036086  0.289929 -0.052363
  0.055993  0.074688]


Glutamic acid
[ 0.208665  0.437488 -0.191793 -0.189618 -0.118065  0.27157  -0.112043
  0.159465 -0.466209  0.01226  -0.056702  0.191365  0.153186  0.059346
  0.038439 -0.115675 -0.160287 -0.25726  -0.074749  0.092505 -0.160033
 -0.325897 -0.04524   0.030616  0.085587 -0.294453 -0.49726   0.100801
  0.1573    0.141063  0.18004  -0.29218   0.407465 -0.150971  0.247772
 -0.08469   0.161624  0.08568   0.093583  0.050416  0.08301  -0.033385
 -0.315937  0.125402 -0.261933 -0.327905 -0.100559 -0.285594 -0.166689
 -0.007205  0.084385  0.157057  0.067804 -0.081859  0.012647 -0.39019
  0.062004 -0.54094  -0.441021  0.076921  0.755932  0.177988  0.032809
  0.303901  0.032917  0.117346 -0.018086  0.08497  -0.205825  0.145023
 -0.404473 -0.308634  0.190276  0.016846  0.261815 -0.091464  0.036781
  0.047795  0.219109 -0.299775 -0.067055 -0.433281 -0.294723 -0.13825
 -0.158789  0.175242 -0.114478 -0.242979 -0.129548  0.275274  0.205811
  0.055968  0.090934  0.235178  0.46968   0.033405 -0.134889 -0.126737
 -0.003904  0.166034]
[ 0.196922  0.358901  0.028554 -0.391804 -0.256081  0.482365 -0.144588
  0.093971 -0.075479  0.011218  0.211266  0.115307  0.188882 -0.155813
  0.089474 -0.110506 -0.055488 -0.175486  0.248336  0.111676  0.238171
 -0.215899  0.119711 -0.05667  -0.176518  0.048     0.115665  0.468235
  0.138453  0.318704 -0.005387 -0.211759  0.170432 -0.350441  0.214593
  0.102504 -0.254008  0.373808  0.148493  0.051798  0.357172  0.209682
 -0.020283 -0.258488  0.128137  0.258522 -0.27422  -0.16995  -0.42379
  0.312095 -0.101661 -0.087184 -0.339856 -0.34774  -0.064529 -0.133326
  0.081109 -0.353189 -0.210042 -0.010568  0.095028 -0.311295 -0.171361
  0.456382  0.1804    0.293407 -0.024585  0.374799 -0.375422  0.087345
 -0.515548 -0.021818  0.012704  0.255563 -0.127834 -0.137494 -0.461374
 -0.094649  0.044169  0.106489 -0.085912 -0.013403 -0.083795  0.012979
 -0.449767  0.088438 -0.300677 -0.120285 -0.043599  0.135108 -0.133388
  0.366835  0.101018 -0.172453  0.524692 -0.320738  0.114231  0.319606
 -0.068186 -0.079824]


Cysteine
[ 0.224772  0.184558 -0.207116  0.008252 -0.33538  -0.106275  0.01698
  0.211115 -0.222077 -0.151824 -0.318039 -0.084938 -0.356168 -0.077861
 -0.129959  0.198574  0.032487  0.084937 -0.101343  0.095524 -0.092628
  0.001691  0.173215  0.225975 -0.090192 -0.173238  0.012986 -0.033891
  0.444068 -0.215343  0.149415 -0.356537  0.140099  0.141508  0.344279
 -0.142232 -0.032687  0.067793  0.488175  0.220773  0.465601  0.173341
  0.249118 -0.264115  0.118401 -0.117251  0.240407 -0.070947 -0.092164
  0.333067 -0.086064 -0.206461 -0.24495  -0.030902 -0.101494 -0.079988
  0.032432 -0.032152 -0.649306  0.028825 -0.174978  0.118605 -0.018853
  0.053832  0.454833 -0.167182 -0.004813  0.016247  0.002218 -0.195886
 -0.472334 -0.196353 -0.087859 -0.017051 -0.288175 -0.502833  0.235632
 -0.055027 -0.026965 -0.183665  0.173809  0.229147  0.217536 -0.133156
 -0.194279 -0.426668 -0.138547 -0.057482  0.307942 -0.00794  -0.317232
  0.102499 -0.217122  0.036519  0.101613 -0.203564  0.309566  0.058893
 -0.304981 -0.09573 ]
[-0.026284  0.33462   0.042062 -0.485161 -0.3486    0.05958  -0.221801
 -0.082085  0.363171 -0.312907 -0.125686  0.176951 -0.163983  0.504185
 -0.618636  0.168661  0.050241  0.044165  0.025925  0.092563 -0.068169
  0.265336 -0.315568  0.005417 -0.009449 -0.40495  -0.107353  0.031893
  0.378449 -0.197115  0.052624 -0.213214  0.104206  0.173391  0.54408
  0.159947  0.142544  0.242432  0.197809 -0.003978  0.244636 -0.125098
  0.31583  -0.383601 -0.320904  0.238745 -0.089115 -0.04993  -0.128524
  0.414353 -0.132361  0.206546 -0.175422 -0.078969 -0.051115 -0.214788
 -0.008107 -0.373077  0.001288 -0.106985  0.280459  0.203045 -0.284303
  0.068842  0.281209  0.299552  0.331578  0.131654 -0.103955 -0.64429
 -0.192828 -0.244443 -0.156159  0.137311 -0.019823 -0.272307 -0.080509
 -0.002409  0.16008   0.370621 -0.319253 -0.009217  0.045277  0.195034
 -0.133684  0.038762  0.208231 -0.239415  0.13864  -0.215783 -0.094633
  0.213866 -0.161064 -0.151336  0.39306   0.016928  0.207815 -0.053173
 -0.242685 -0.179341]


Tryptophan
[ 0.53002  -0.105466 -0.0127   -0.221821 -0.213284  0.131364 -0.055814
  0.087736 -0.192503 -0.119417 -0.033612 -0.017617  0.135002 -0.044289
 -0.429993  0.438566 -0.235023  0.022401  0.138495 -0.030135  0.201044
  0.005207  0.027221 -0.016455 -0.010445  0.084783 -0.059498  0.312042
  0.106945  0.07402   0.063858 -0.235123  0.311148  0.128881  0.586966
 -0.126695 -0.026267  0.295938  0.105402  0.288444  0.346813  0.288735
  0.477177 -0.490276  0.03274  -0.177119 -0.030782  0.027661  0.137005
  0.01498  -0.013337 -0.002778 -0.004662  0.051053 -0.317859 -0.190232
  0.322873 -0.296248 -0.322     0.310839  0.160005 -0.164418 -0.073712
  0.303241  0.155541  0.074131  0.063052  0.28038  -0.181942 -0.279529
 -0.442638 -0.060606  0.016672 -0.146285  0.166039 -0.425692 -0.156783
 -0.026822  0.024374 -0.090373 -0.61225   0.159742  0.172086  0.042772
  0.020516 -0.18233  -0.00576   0.021875  0.165536  0.265787 -0.192659
  0.018385 -0.263496 -0.214877  0.483336  0.036583  0.118114 -0.089546
 -0.289949 -0.411222]


Arginine
[ 0.137555 -0.002475 -0.006144  0.15091  -0.076906  0.106052 -0.340913
  0.052094 -0.199674  0.015977 -0.041609  0.015894  0.41152   0.43118
 -0.037539 -0.043228  0.340304 -0.21232   0.259714  0.273054  0.006325
 -0.656243 -0.293435  0.177158 -0.194692 -0.197888  0.043136  0.185618
  0.1551    0.322096 -0.00705  -0.28785  -0.001409 -0.417618 -0.118673
  0.186104  0.181791  0.117869 -0.019186 -0.069805  0.322567  0.23304
 -0.137382 -0.444515  0.004496 -0.107244 -0.15804   0.05802  -0.108621
 -0.018313 -0.040251  0.025995 -0.564515  0.260218 -0.361552 -0.326996
 -0.017851  0.105931 -0.226802 -0.038597  0.27974   0.08764  -0.203092
  0.306247 -0.011289 -0.004687 -0.05013   0.291782 -0.223091  0.107262
 -0.384384 -0.162023 -0.299647  0.104379  0.110044 -0.253469 -0.172937
 -0.09764  -0.191966 -0.247984 -0.185194 -0.033692 -0.286871 -0.025027
  0.00125  -0.063184 -0.121598 -0.194666 -0.221215  0.162314  0.033239
  0.038812 -0.183036 -0.013175  0.279061 -0.099845  0.332379  0.16431
 -0.295893 -0.011764]
[ 0.204985  0.372082  0.055865 -0.243252  0.169012  0.290742 -0.144032
 -0.020395 -0.466132 -0.592293 -0.119804  0.037141  0.233945  0.062924
 -0.297805 -0.142505 -0.237608 -0.215576  0.096375  0.073666  0.09946
  0.175346  0.104356 -0.027592 -0.07927  -0.042603 -0.010487  0.098464
  0.397828  0.084173 -0.099254  0.00685   0.289188 -0.118791  0.064585
  0.398068 -0.16121   0.28891  -0.072827  0.381003  0.47501   0.307635
 -0.069004  0.020561 -0.206895  0.155033 -0.323111 -0.051395 -0.002471
 -0.035395 -0.090944  0.020366 -0.045807  0.209737  0.00137  -0.12739
 -0.210701 -0.11299  -0.226425 -0.292282  0.297634 -0.074033 -0.011021
  0.281007  0.085261  0.101242  0.15499   0.302863 -0.074599 -0.234466
 -0.728682  0.104742 -0.354927  0.312037 -0.114115 -0.219488 -0.082156
  0.279918  0.066345 -0.273672 -0.400424 -0.230052 -0.08519   0.258498
 -0.172718 -0.218732  0.003507 -0.13959  -0.217576  0.216419  0.179105
  0.060787 -0.130035 -0.321127  0.185481 -0.266674  0.360439  0.266081
 -0.22101  -0.164879]


Glycine
[ 0.439318  0.182198 -0.096124 -0.127316 -0.012979  0.384247 -0.274382
  0.212376 -0.206688 -0.56584  -0.056692 -0.332884 -0.116576 -0.51044
 -0.021196  0.249009 -0.053538  0.046672  0.184053 -0.151068  0.276653
  0.082351  0.061928  0.343347 -0.145826 -0.103563  0.141018  0.145065
  0.361522  0.37941   0.024655  0.120903  0.23979  -0.146683  0.593926
  0.357711  0.234227  0.091319  0.26146   0.216075  0.535264 -0.088025
  0.465881 -0.225445 -0.305438 -0.008242 -0.041815  0.054747  0.064353
 -0.244825 -0.226228 -0.138192 -0.146365 -0.273708  0.179396 -0.120155
 -0.054536 -0.041269 -0.32028  -0.213494  0.008232  0.181487 -0.20209
  0.349536 -0.072571  0.014805 -0.2402    0.57018   0.096754 -0.41083
 -0.326779 -0.407774 -0.037005  0.314732 -0.085609 -0.18861  -0.220657
  0.2196    0.253288 -0.157219 -0.184668 -0.107075 -0.206108 -0.38441
 -0.012354 -0.151571  0.067023 -0.215219  0.221706  0.080208 -0.03677
  0.017137 -0.139221 -0.307185  0.26645  -0.028597  0.207752  0.107619
 -0.13697  -0.278633]
[ 0.282454  0.402939  0.290414 -0.132539 -0.255804  0.436066 -0.05475
 -0.081927  0.060458 -0.403554 -0.29638   0.199772 -0.074016  0.424
 -0.480437  0.034511 -0.222361  0.027988  0.170341 -0.157413  0.231543
  0.023722  0.024998 -0.072099  0.059586  0.039662  0.153669  0.207229
  0.169866  0.151555 -0.017808 -0.292149  0.543141 -0.053834  0.713661
  0.167793  0.131389  0.379316 -0.057667 -0.054929  0.646086  0.039315
  0.321318  0.104253 -0.456497  0.153648 -0.149078  0.279246 -0.358396
 -0.212546 -0.153062  0.135043 -0.118526 -0.103795 -0.279388 -0.273437
  0.071352 -0.35312  -0.35439  -0.063032  0.254958 -0.340224  0.074544
 -0.092578  0.037608 -0.199875 -0.027694  0.0074    0.095729 -0.179296
 -0.263248 -0.104022 -0.111652  0.140573  0.215438 -0.294239 -0.150224
  0.150267  0.137258  0.094415 -0.224254 -0.163019 -0.292019 -0.053824
 -0.312882 -0.034105 -0.338599 -0.28809  -0.193053  0.182383 -0.100431
 -0.037816 -0.163396 -0.368397  0.524199 -0.145156  0.33354   0.036164
 -0.29876  -0.323155]
[ 0.257837 -0.075118  0.224912 -0.379014  0.141453  0.312191 -0.131619
  0.213555 -0.284386  0.147231  0.265611  0.234602  0.322295  0.042452
 -0.397281  0.159194  0.153396 -0.096359  0.430398  0.170143 -0.165168
  0.212918 -0.163407  0.067437  0.009254  0.061152 -0.124731  0.470772
  0.009673  0.057295 -0.1824   -0.032098  0.089128 -0.044175  0.24043
  0.414686 -0.008914  0.498794  0.254853  0.280356  0.440457  0.124859
 -0.053016 -0.094635 -0.078829  0.251436 -0.146882  0.024135 -0.386486
 -0.171941 -0.25382  -0.062597 -0.067595 -0.072641 -0.163835 -0.373304
  0.069729 -0.26156  -0.515995  0.080735  0.500353 -0.034052 -0.231213
  0.312201  0.10878   0.325531 -0.026582  0.210121  0.004232 -0.448704
 -0.319036 -0.191365  0.131947  0.327064  0.005187 -0.226093 -0.228082
  0.033222 -0.016072 -0.493025 -0.097487  0.162039 -0.056173 -0.008721
  0.342337 -0.041793 -0.391509 -0.145232 -0.286061  0.311095  0.029253
 -0.104326  0.120509 -0.401788  0.482684 -0.109276  0.155582 -0.139391
 -0.265901  0.002248]
[ 3.02154e-01  9.52440e-02  1.61544e-01 -2.57635e-01 -2.12693e-01
  2.44609e-01 -1.06492e-01  2.83337e-01 -4.71699e-01 -5.11820e-01
  6.39760e-02 -1.48840e-02  1.71418e-01  5.78210e-02 -1.81194e-01
  4.74900e-02 -2.69455e-01 -5.03566e-01  2.80937e-01  3.45790e-02
  2.41853e-01  1.08379e-01  1.65889e-01  7.06580e-02 -1.83216e-01
  2.09810e-01  7.13320e-02  2.39896e-01  3.25108e-01  8.47390e-02
  1.61920e-02 -3.26420e-02  5.24676e-01 -4.58850e-02  5.37063e-01
  1.48845e-01 -2.57978e-01  2.95598e-01  2.47700e-03  2.39443e-01
  4.06130e-01  1.49402e-01  2.36514e-01 -3.16157e-01  2.75670e-02
  2.06740e-01 -8.38460e-02 -3.99280e-02  3.16000e-04 -1.34649e-01
 -8.86950e-02  2.49801e-01 -4.72550e-02 -7.85300e-02 -2.35266e-01
  3.40710e-02  1.61135e-01 -9.16300e-03 -4.43158e-01  5.13660e-02
  4.21383e-01  4.61680e-02 -4.95698e-01  2.66499e-01  4.06566e-01
  6.91580e-02  3.32870e-02  2.58974e-01  5.37740e-02 -1.84002e-01
 -4.70656e-01 -6.66090e-02 -1.28333e-01 -2.67970e-02  6.16000e-03
 -3.61905e-01 -2.21384e-01 -4.19520e-02  6.99520e-02 -1.98219e-01
 -5.24847e-01  5.47200e-03  6.00100e-02  3.44350e-02 -7.88710e-02
 -1.99789e-01 -2.41424e-01 -1.99391e-01 -1.57815e-01 -6.41470e-02
 -1.10888e-01  1.84792e-01 -1.02864e-01 -8.32370e-02  4.29407e-01
  2.54014e-01  2.51035e-01  2.34626e-01 -1.99034e-01 -1.46494e-01]


Phenylalanine
[('TTT', 'TTC')]
TTT TTC 0.3850988


Leucine
[('TTA', 'TTG'), ('TTA', 'CTT'), ('TTA', 'CTC'), ('TTA', 'CTA'), ('TTA', 'CTG'), ('TTG', 'CTT'), ('TTG', 'CTC'), ('TTG', 'CTA'), ('TTG', 'CTG'), ('CTT', 'CTC'), ('CTT', 'CTA'), ('CTT', 'CTG'), ('CTC', 'CTA'), ('CTC', 'CTG'), ('CTA', 'CTG')]
TTA TTG 0.28208116
TTA CTT 0.20090601
TTA CTC 0.083341554
TTA CTA 0.21334605
TTA CTG 0.14910766
TTG CTT 0.34762055
TTG CTC 0.26562148
TTG CTA 0.14253691
TTG CTG 0.33108675
CTT CTC 0.39670303
CTT CTA 0.22486892
CTT CTG 0.3405326
CTC CTA 0.31457826
CTC CTG 0.45404097
CTA CTG 0.30931774


Isoleucine
[('ATT', 'ATC'), ('ATT', 'ATA'), ('ATC', 'ATA')]
ATT ATC 0.28778774
ATT ATA 0.22943202
ATC ATA 0.21803823


Methionine
[]


Valine
[('GTT', 'GTC'), ('GTT', 'GTA'), ('GTT', 'GTG'), ('GTC', 'GTA'), ('GTC', 'GTG'), ('GTA', 'GTG')]
GTT GTC 0.40175724
GTT GTA 0.3344726
GTT GTG 0.39275122
GTC GTA 0.2846378
GTC GTG 0.46688646
GTA GTG 0.31583714


Serine
[('AGT', 'AGC')]
AGT AGC 0.39113772


Proline
[('CCT', 'CCC'), ('CCT', 'CCA'), ('CCT', 'CCG'), ('CCC', 'CCA'), ('CCC', 'CCG'), ('CCA', 'CCG')]
CCT CCC 0.5763892
CCT CCA 0.44235745
CCT CCG 0.5030434
CCC CCA 0.57917637
CCC CCG 0.61265516
CCA CCG 0.4656673


Threonine
[('ACT', 'ACC'), ('ACT', 'ACA'), ('ACT', 'ACG'), ('ACC', 'ACA'), ('ACC', 'ACG'), ('ACA', 'ACG')]
ACT ACC 0.4531999
ACT ACA 0.33633715
ACT ACG 0.3676524
ACC ACA 0.4638456
ACC ACG 0.47429037
ACA ACG 0.41481125


Alanine
[('GCT', 'GCC'), ('GCT', 'GCA'), ('GCT', 'GCG'), ('GCC', 'GCA'), ('GCC', 'GCG'), ('GCA', 'GCG')]
GCT GCC 0.5592241
GCT GCA 0.42692202
GCT GCG 0.46844545
GCC GCA 0.5626067
GCC GCG 0.5452364
GCA GCG 0.49432138


Tyrosine
[('TAT', 'TAC')]
TAT TAC 0.21415374


STOP
[('TAA', 'TAG'), ('TAA', 'TGA'), ('TAG', 'TGA')]
TAA TAG 0.31375736
TAA TGA 0.17945571
TAG TGA 0.1932832


Histidine
[('CAT', 'CAC')]
CAT CAC 0.41616902


Glutamine
[('CAA', 'CAG')]
CAA CAG 0.45742446


Asparagine
[('AAT', 'AAC')]
AAT AAC 0.28012127


Lysine
[('AAA', 'AAG')]
AAA AAG 0.37993795


Aspartic acid
[('GAT', 'GAC')]
GAT GAC 0.33740842


Glutamic acid
[('GAA', 'GAG')]
GAA GAG 0.3876419


Cysteine
[('TGT', 'TGC')]
TGT TGC 0.36982054


Tryptophan
[]


Arginine
[('AGA', 'AGG')]
AGA AGG 0.43100736


Glycine
[('GGT', 'GGC'), ('GGT', 'GGA'), ('GGT', 'GGG'), ('GGC', 'GGA'), ('GGC', 'GGG'), ('GGA', 'GGG')]
GGT GGC 0.49981552
GGT GGA 0.43007103
GGT GGG 0.5643673
GGC GGA 0.4869603
GGC GGG 0.5802793
GGA GGG 0.56848586
